5.58206
3.14919
5.49092
5.41778
3.87045
5.66655
4.16688
5.97762
7.07607
6.72948
5.94998
3.16493
5.15201
4.65582
5.73002
5.64675
4.91166
5.62994
4.88139
5.25874
6.04611
4.87443
4.71082
6.58666
5.07698
5.46854
4.55151
4.186
5.54294
4.56765
5.76603
4.87322
3.48652
4.71071
7.12558
6.47598
3.36911
5.06366
5.18645
4.20774
5.93605
4.0926
6.18089
5.79246
4.25357
5.47848
5.29511
5.71538
4.77547
4.64378
4.34619
7.26803
6.45392
5.11939
5.4066
5.10709
4.6271
4.75169
5.53536
6.12111
4.737
3.72482
4.36531
3.78442
4.4376
7.11694
4.15639
5.94773
5.06461
5.61224
4.57673
5.18521
4.09235
3.32715
3.27524
4.60235
6.84391
3.59926
6.51512
4.06693
5.70073
5.17801
3.8775
5.47243
4.34462
7.26323
4.38604
6.71184
5.92955
3.03152
3.89416
5.27234
4.01753
7.20474
4.21788
3.21054
2.82827
6.00878
4.60401
5.87753
5.0458
5.38118
2.2193
4.82803
3.72937
4.52599
5.82979
3.46856
3.19969
6.03675
5.63595
6.60068
4.80738
6.47441
4.01686
6.13024
5.01667
4.94067
6.55784
4.67952
6.10418
4.56706
4.48217
5.8726
6.45074
6.212
5.35538
4.7637
4.53125
6.30477
5.00955
4.53616
6.77887
3.86314
5.23347
5.82703
6.83901
7.13389
4.91059
4.07332
4.74589
6.0333
5.93089
4.02218
5.43894
5.50426
7.04149
3.16909
6.2852
4.26339
5.37193
5.33728
3.35467
3.82474
5.91069
5.97828
3.60851
4.48638
5.52082
5.88998
5.13984
5.3125
6.03627
5.48504
5.45275
5.38517
5.54457
3.93969
6.05461
5.94803
4.1436
5.05418
4.40304
5.2668
4.98054
6.20584
5.92859
4.98896
3.99186
3.86024
6.40644
6.95263
4.01985
5.07507
5.91754
5.09089
4.58358
4.26814
6.81025
5.23913
6.60375
5.35511
6.2795
5.13293
3.19888
5.71026
5.20719
5.12924
3.79074
4.04155
3.21839
6.4692
6.97466
4.72841
5.04632
5.80159
3.28841
6.55591
3.59894
4.98174
2.69041
6.50535
4.97938
3.17075
4.91476
6.42311
4.51462
4.27558
4.97493
4.7301
4.72305
6.1188
4.23405
4.645
5.87551
3.4907
5.486
5.38797
4.4124
3.48613
4.66044
4.54631
4.60788
4.68317
4.9885
6.94683
5.37753
5.23414
4.72879
4.23847
5.1985
6.26909
4.55719
3.75245
6.46428
4.86879
3.08113
4.70882
4.38718
5.41058
4.39297
3.08957
4.95726
4.92245
6.78017
5.37593
3.76317
6.37023
4.80254
5.59848
5.38891
5.80555
4.46335
5.96607
6.0166
5.52041
5.84159
5.94283
5.90727
3.93293
4.9905
4.32693
4.35163
5.66257
5.02523
7.84481
4.93765
5.44945
4.57188
7.12817
5.97344
4.71342
4.59767
5.01401
4.53997
4.54518
5.32348
4.79597
5.27337
4.10594
3.5529
6.64194
5.90894
5.59768
4.18763
3.522
4.19024
5.89572
6.94569
5.41379
4.72747
3.5987
4.19771
6.98102
4.92006
3.9544
5.41505
4.86121
4.23893
4.07359
3.93592
4.06452
5.69257
5.41146
3.18338
4.99178
4.9507
6.02305
6.13475
4.22875
3.84188
4.66617
3.80832
3.73848
5.66286
6.1332
3.98823
6.44383
4.0402
3.81532
3.24379
4.85426
5
5.92136
6.1491
4.21703
5.68511
5.37763
3.88348
5.29906
4.38747
5.6039
4.0707
4.64954
4.38391
4.8088
5.3607
6.20663
4.98425
5.51418
5.31752
5.36997
7.21255
6.22214
5.25584
5.44596
3.48001
6.00436
5.19853
3.81725
5.72647
4.91993
5.48388
6.88385
4.80729
3.24115
5.6302
6.43853
5.97201
4.9231
4.79848
4.40862
3.59635
3.12098
2.56203
5.11552
4.29283
5.00586
6.73106
4.46298
5.51756
3.31373
5.70156
5.72492
4.51132
4.93431
4.87916
5.29487
5.17264
6.51746
4.24497
4.74611
5.25477
6.11558
4.9962
4.98198
6.01384
5.6277
4.57243
5.60392
4.72553
5.66216
4.61023
5.99492
6.2525
4.55716
5.92941
5.64213
4.25025
4.47044
6.26242
5.05194
4.43777
5.46789
5.97118
3.81178
4.19112
6.64512
4.47621
5.95872
5.12576
5.7348
5.53657
4.57171
5.08974
4.32176
5.29302
5.78484
4.28148
5.63948
6.98839
4.28969
4.95824
3.0727
5.12689
4.40975
5.32834
4.83381
3.64251
5.85059
4.67616
4.91512
3.85155
6.06097
5.7908
3.27839
3.2804
4.74063
5.69655
4.02766
5.95576
5.24463
4.85687
4.47287
5.32974
3.97948
3.90501
5.36383
6.33589
4.85263
5.83357
4.44175
4.23947
3.67014
4.35225
5.44673
3.74745
4.40526
5.80772
5.62123
5.39832
6.12215
4.93611
6.77074
3.48446
4.74661
7.01718
4.32321
4.75535
3.62645
5.42388
4.87057
3.06794
3.60272
5.34219
4.76851
7.73776
6.62474
5.42949
4.3812
5.44581
4.30214
4.29662
5.41232
5.0386
4.18139
4.43454
5.14332
5.0232
5.00372
4.12489
6.37314
3.22276
5.29011
4.35734
6.95419
5.64219
4.05699
4.76955
4.32074
4.56913
5.64486
4.123
7.1439
5.28799
6.37947
2.78436
3.65143
4.06303
4.14673
6.1223
6.23095
5.37497
5.33782
4.88333
5.86799
6.19367
4.89824
4.84728
3.55811
4.75237
4.2557
2.90678
4.47808
5.68365
4.07786
5.47309
4.57589
4.83547
4.5688
5.98947
5.73562
3.96259
4.91445
7.16034
3.93951
5.64635
3.85694
4.80695
5.22381
4.52472
3.25088
4.23462
5.6179
3.27777
4.20932
5.66024
5.43202
5.60641
6.50761
5.09535
4.84319
4.32436
5.63423
4.85521
3.58694
5.33536
3.83394
5.16114
6.15017
5.06932
6.40395
6.37615
7.49012
5.2154
5.26493
6.87703
4.56287
5.36136
4.64781
6.01227
5.42486
5.18298
6.68848
4.85941
5.33931
5.4398
5.21313
5.45362
5.24885
4.56161
3.60483
5.93309
2.83984
5.89669
6.05676
4.28528
5.72061
3.6086
2.33488
5.50727
4.82105
4.96613
4.20918
4.79879
5.05944
5.52686
4.88437
5.49596
5.22392
3.05543
5.89066
5.11142
5.3903
3.53266
4.60934
5.84438
3.24044
3.24976
4.60354
5.20887
4.43057
5.13712
5.27922
3.89551
5.30789
4.40556
4.16918
4.56085
6.43627
6.15418
5.34309
4.1474
4.2402
4.24239
6.90343
4.67193
4.82123
5.23672
4.70112
5.5815
3.42517
4.69294
3.91963
6.17432
5.91304
4.74422
5.22965
4.68168
5.03959
4.36808
5.09874
3.89841
5.30444
4.79331
4.34901
4.8075
4.5463
5.72546
5.87449
3.89432
8.13742
5.76047
4.68297
3.65721
4.50079
4.79875
3.49643
4.95155
4.09442
5.7215
4.40158
5.9497
3.04987
5.77363
5.01394
4.77691
4.96731
6.0565
6.01329
4.48262
4.75289
5.28283
4.53987
5.83478
4.45278
3.55703
4.93187
5.46446
4.05706
5.53321
4.45291
6.04091
4.176
5.05266
4.05501
5.24459
6.42548
4.65287
4.47956
3.82876
5.90477
6.47267
5.64252
4.99696
6.37208
4.46493
3.74606
6.51205
4.57649
6.78407
3.59239
4.34683
5.81044
6.02856
4.54347
4.21679
5.20626
6.59429
5.42885
2.25244
7.28818
4.31855
4.08642
6.36698
5.07254
3.42559
4.94831
4.19026
4.2549
6.28779
5.8035
4.68924
5.46773
3.72566
6.30892
5.25502
3.82959
4.93381
6.1377
4.80297
5.13541
4.01099
4.19487
4.72889
3.66159
4.76949
5.95837
5.03987
3.91536
3.79457
5.28648
5.72692
5.0149
4.04927
6.03732
4.51485
5.23928
5.29354
4.09022
4.18433
4.52819
5.77591
4.67583
6.7872
4.9298
3.53606
4.98055
3.98575
6.25517
6.23078
4.86589
2.39165
5.91635
7.16616
6.78537
5.69991
2.90375
4.54756
4.57638
3.54527
4.94847
5.54619
2.49011
5.7044
4.02442
2.66896
4.08126
6.28219
4.57145
5.89599
5.1687
7.06051
4.88682
2.78035
6.1478
5.05627
4.95295
5.32951
3.97625
5.16804
5.85646
3.71933
4.20723
3.5102
6.04149
6.02837
4.03626
3.72308
3.6951
4.92318
2.7637
5.67743
6.18198
5.99542
6.6414
5.23411
3.33316
5.60921
4.97132
6.89449
4.1909
4.72108
5.07461
7.2665
5.85053
6.03873
3.86835
6.67996
4.95068
6.46739
5.4062
4.49963
3.8163
5.01385
5.72007
3.78596
4.53413
4.7056
6.67008
6.76655
5.11002
5.66074
5.10094
5.47857
3.29025
5.53665
6.49583
5.54554
4.53844
6.4284
4.86714
2.7121
3.23796
5.3824
6.82034
3.94073
4.9403
5.20662
5.54691
4.04521
5.24632
5.23219
6.19095
4.17686
3.81145
4.38633
4.66841
6.4391
6.65719
4.15409
4.42909
4.2872
5.09411
3.98364
5.66941
6.73433
3.36301
5.32237
5.2021
4.19248
5.20119
5.14084
6.344
3.88185
4.74746
4.26991
5.58898
5.47788
7.27303
5.22823
3.52081
6.21553
4.98688
4.47008
6.34306
3.93851
5.52789
3.44102
4.92457
4.06162
5.26435
7.07106
5.28266
4.39218
4.31631
6.0232
4.53059
4.75315
3.25783
4.46721
5.76149
4.74362
4.29588
4.90481
6.0042
5.84297
4.83877
5.31465
5.92669
5.49519
3.71921
5.38301
5.34588
7.23007
4.96154
5.3891
5.85457
5.78622
3.08196
3.88773
5.7022
3.935
2.94402
5.16726
5.02123
5.4514
4.52534
6.61927
5.7067
6.14714
3.10294
5.15692
4.01362
5.52328
5.35246
5.93111
5.16453
4.25384
5.25713
5.01904
3.62415
5.29054
5.44682
4.72841
5.58767
4.41753
5.53797
2.18425
2.5731
4.66544
3.45922
5.78189
3.75177
4.35691
5.61809
5.96675
6.42562
3.85836
6.30168
3.97447
4.73546
4.10999
4.45578
5.7488
2.64646
5.76934
4.70897
4.22974
5.64049
2.99643
5.04246
5.53606
6.68333
4.24526
4.11669
5.3412
4.32678
5.47752
4.03494
5.30539
6.0527
5.8862
5.74547
6.59685
4.79591
5.45452
5.66905
6.32217
3.98731
