5.27205
2.64334
3.80685
3.12158
4.60952
4.63689
4.24467
5.03653
3.88085
5.88854
6.97968
5.83996
5.81262
2.78256
4.98798
5.22736
4.90431
4.45139
3.86737
5.73935
3.72146
3.79212
3.55399
4.75124
2.69963
4.90981
5.00919
4.45471
4.37413
5.86494
5.26797
3.01347
6.08759
5.30483
4.38725
3.68412
3.56458
5.16652
4.81585
6.81674
4.9071
6.50282
5.09546
1.67976
6.00428
3.46551
4.95147
4.99923
5.24994
4.58131
4.06438
3.29507
4.07594
5.61328
5.69073
4.95463
4.05476
5.06882
5.98102
6.26813
5.91694
4.47446
3.16108
4.38161
5.47027
5.09491
5.79882
4.71136
5.6257
2.74481
4.97215
4.96386
4.60749
7.86015
4.85982
5.30459
2.80903
5.64245
6.85041
3.84906
6.56418
4.29959
5.59549
6.10501
4.99818
4.26906
4.50025
5.01579
5.45009
4.78105
4.98663
4.01009
5.26636
5.61967
4.71681
4.26441
2.72802
6.09995
4.73583
4.22099
4.77391
4.35154
5.01625
2.73601
4.80164
5.8065
2.90124
5.30781
4.15624
3.61241
4.39393
5.65256
4.56147
5.60295
5.16952
3.70725
7.75883
5.7468
6.02107
5.10887
5.16773
3.829
3.34282
3.62097
6.09499
4.5282
6.71769
4.97147
5.30676
4.92947
4.60334
5.77358
4.62314
3.92488
4.1477
5.57593
5.17457
6.12301
3.84003
7.17786
6.14822
6.45668
5.20487
5.535
4.82874
4.27613
5.1866
6.51184
4.74899
3.6388
4.29673
5.39702
4.89166
4.86708
5.10214
6.34712
5.95133
4.31261
3.1656
6.17836
5.27407
5.55902
5.97332
4.6574
4.54361
6.67268
4.5457
5.18727
4.26844
4.49465
6.12663
6.22149
4.845
5.75585
4.81795
5.48093
3.95152
5.49844
5.02376
4.1146
4.86874
4.04784
4.09788
3.524
5.21417
5.11841
6.59212
6.00201
5.06091
5.65029
6.81217
5.16164
4.37974
3.96252
4.551
5.10433
7.17559
4.03631
4.57602
3.78602
4.77931
4.91859
5.19713
3.52573
6.1812
5.93629
5.50495
3.56251
4.36643
3.08441
3.82725
6.14776
5.30041
6.98369
5.4768
7.14133
4.88228
6.33901
5.08092
3.82388
4.6933
5.35382
5.40425
5.93591
4.37785
5.79984
6.09236
4.89292
4.04878
6.55516
5.00767
4.90479
4.47248
6.15532
4.94449
4.86224
4.65568
5.52566
4.39865
4.81652
6.56397
4.36315
3.82218
5.63249
5.52533
6.2104
5.00464
4.50731
4.89909
4.79652
3.76685
6.78789
6.74456
4.93377
5.22178
5.67388
6.7458
2.84247
5.12476
6.16337
4.38575
4.04391
5.41193
5.18246
3.60021
4.87311
5.99613
6.46239
3.60639
5.92587
7.39708
3.07863
5.47136
4.48355
3.18194
4.73464
3.1278
3.58785
3.89665
3.81988
4.05
4.40753
4.65563
4.78028
5.8115
3.0108
5.42757
5.25849
5.50375
4.15635
4.70954
4.99261
4.10186
3.16043
6.17884
6.47625
5.62474
4.57577
5.63699
4.93703
3.34102
5.1549
4.7906
6.34082
4.58993
5.93151
5.57619
5.16572
5.89384
4.37853
3.29673
5.24168
3.68161
5.14726
5.59523
4.20158
6.74177
6.29324
4.97801
5.1454
6.97024
5.82369
4.66968
2.83523
3.20695
4.45945
2.25429
5.81867
5.58306
4.94457
6.83974
4.61999
3.66049
5.42484
4.05175
4.93556
5.66375
3.8524
5.21419
2.31395
6.6973
4.89355
5.19066
5.14565
5.62412
4.41912
5.16804
5.77405
5.06551
4.59825
3.87007
5.72209
2.94679
5.74768
5.8561
4.40344
5.38807
5.28023
5.17057
5.54495
3.39426
3.62081
6.81243
4.66323
6.6188
5.28285
3.40931
5.70367
4.08833
4.88129
4.20375
4.72645
6.58574
4.12018
4.89451
4.08087
4.05082
3.87767
6.77541
7.55322
4.55087
5.81971
5.59632
5.60863
6.92182
4.75506
4.70461
6.13499
5.0839
5.4402
5.1332
5.52858
4.52855
6.78463
6.27742
5.74172
4.35709
4.62868
5.74141
4.40732
6.59448
5.89217
5.25601
5.96685
5.48595
4.60788
7.36749
4.92291
6.96856
4.74684
3.84158
5.14993
3.39457
6.18182
3.94442
4.63107
4.99429
4.13803
6.21996
5.28786
4.24458
5.27204
5.80956
5.63816
3.94786
5.02396
5.05033
5.67934
5.36742
5.45308
4.37054
4.13631
6.08673
4.29199
4.27357
5.48938
5.79035
4.98591
5.46115
6.71997
6.16934
6.43916
3.79398
3.09295
3.59926
3.92389
5.52915
5.25026
2.92712
4.99042
5.03659
7.41023
4.9708
4.18163
5.74873
3.4251
4.6702
4.93179
4.76655
5.5483
4.69378
3.61685
3.21902
5.56991
4.32477
4.77116
5.70003
5.33613
4.98029
4.53174
6.43773
6.13794
3.27698
6.67372
5.08932
6.52229
6.28238
4.0765
5.37068
5.5922
3.29463
5.34386
4.81343
3.02978
4.72112
4.20544
4.0966
6.80113
4.12084
6.46718
5.24999
6.23257
3.88385
5.2126
5.46753
6.61522
4.43931
5.55661
6.73734
4.88677
4.02298
3.36071
3.66636
6.93397
5.05478
5.20776
5.02579
5.75852
5.77614
5.17745
3.97222
3.69963
2.76588
5.62638
5.70115
3.47507
4.1565
2.88844
5.127
4.07846
5.784
3.8075
3.60361
4.5456
4.88062
4.37709
7.87887
4.53406
5.17078
7.67453
4.70179
5.01054
6.64712
3.64347
4.07441
5.84608
6.60096
5.44917
3.74554
3.59637
4.64543
4.08949
5.0745
6.06055
5.40166
3.31709
5.44614
4.27931
7.14418
6.73457
5.38114
4.23714
4.71302
4.60406
2.87697
6.02712
4.79393
3.50045
5.26693
4.77318
6.0438
3.21525
4.76736
5.30241
6.97761
6.76067
7.19131
6.10903
4.02571
5.06202
6.88688
6.63501
4.52377
3.82955
6.62473
5.3421
4.608
5.55464
3.95384
4.96993
6.077
5.03709
6.07595
3.52291
6.17427
5.85714
4.05105
6.48951
5.48414
5.48121
4.73514
5.47469
5.1805
3.52729
4.58097
5.27328
4.08215
3.69768
7.8968
4.00598
4.95921
5.29176
5.291
3.56252
4.02485
5.84589
5.27445
4.37823
4.43851
5.73784
3.7825
4.63127
5.01968
5.92452
4.89313
5.58064
4.5337
4.32555
5.87115
4.78534
7.21966
5.24915
5.68677
4.4127
4.14958
4.1018
3.79366
4.64486
4.1715
5.4452
4.78745
3.93985
5.53581
3.74879
5.78497
6.59533
5.08885
5.89774
4.96742
5.81003
4.26302
3.61737
6.06027
4.66353
6.47135
4.79956
5.50815
6.50421
3.73482
6.93688
6.5146
4.85979
4.5364
4.93416
5.36538
4.10168
5.07167
4.59776
5.04433
6.33651
5.47606
5.9778
4.43457
4.56591
3.87876
5.25225
5.86672
3.55944
4.90283
4.73467
6.33231
4.64552
5.17117
4.35889
2.9581
3.93514
5.6588
3.8884
4.4317
5.33673
3.93872
6.40443
5.69452
5.25611
1.20933
4.08862
3.86299
6.2609
6.53303
5.83362
4.65528
3.7549
3.41742
3.41832
5.05222
5.48406
3.83786
4.40459
4.4696
5.54933
4.84577
5.94874
5.74938
5.18956
5.14677
6.03131
1.89006
4.7589
5.03981
4.21321
5.22387
2.82867
4.15841
6.93788
3.97397
4.62349
4.6851
3.60847
4.10486
3.02795
3.71189
4.89838
3.78111
4.49568
5.75432
5.63358
5.28643
5.07012
5.07753
4.91847
3.86722
5.01219
3.82331
6.45125
5.47937
5.42861
5.13378
5.89062
4.2455
4.94367
2.66141
6.93584
5.25493
5.20653
6.28619
4.41398
4.9647
7.37628
5.03296
5.35313
2.69291
3.20499
3.72765
4.27214
4.93544
2.88976
4.72933
4.93921
2.89241
5.93876
5.12665
4.2504
4.77808
4.59701
5.92445
5.37697
4.75474
6.51108
4.2019
4.00672
6.789
5.44455
4.87724
5.6206
6.44589
6.12401
4.46021
4.53423
6.15562
3.52697
4.41428
6.52596
5.02453
5.70009
5.06013
5.78416
4.98714
5.74744
5.19354
2.46687
6.29774
5.16541
4.73995
5.56301
3.44565
5.28678
5.40609
5.86426
5.75695
4.7277
5.83815
6.94589
5.50102
4.81814
5.65712
6.9832
4.33974
6.36903
5.03031
6.11329
5.22998
5.03897
3.79645
3.54493
2.71398
5.76206
3.79484
2.99684
4.3056
5.93184
5.14545
4.61508
5.33221
3.33113
4.83181
4.6621
5.5643
4.13691
6.20047
4.90487
4.46739
5.49618
4.78551
5.4354
5.5516
5.67157
4.7712
5.33143
6.55442
6.17437
4.93314
4.7379
3.27229
6.61146
5.37198
5.27473
5.30586
5.6981
4.34403
6.73015
3.82193
5.79139
4.91982
7.01342
5.61566
5.59024
7.0787
5.03453
4.85084
4.33426
5.30389
4.29453
4.01282
5.77315
6.91485
3.15565
4.34888
4.81475
4.84159
4.79939
4.57711
3.86231
5.62079
5.07833
4.00704
3.80615
6.54858
6.15472
6.09414
3.69479
5.14628
5.00236
4.76082
6.2393
6.71832
4.60062
5.82017
4.10523
4.62712
4.64082
4.68935
5.77934
3.76627
4.27885
4.2822
6.36237
4.52736
5.61995
6.11941
3.4737
5.36099
4.28174
4.42458
5.45315
4.67547
5.03864
4.9087
4.31375
6.40628
4.5765
5.15561
4.86464
4.29944
5.21051
4.49108
3.88018
2.37431
4.00954
4.97872
4.68132
3.33318
4.81656
6.50815
5.02594
4.84602
3.01834
5.03413
5.62787
6.44306
4.42614
4.24916
5.94862
5.31929
6.15286
6.45902
4.603
4.21213
3.28476
7.28168
5.14858
3.47706
5.44378
6.79192
4.24588
5.46947
4.20619
6.37188
2.56684
4.98469
5.39571
4.78184
2.43592
5.85867
4.48339
6.44277
5.02413
5.40676
5.0595
4.25439
5.0954
6.88717
5.65783
5.27493
4.39589
7.17047
4.29618
5.83759
4.83297
5.78807
4.51792
4.12665
4.45309
2.96297
4.75863
5.18622
3.84591
3.8037
4.36751
5.05194
4.53752
6.33364
4.42397
4.54615
5.36986
5.54225
2.60303
5.18851
6.65688
4.35182
4.30933
5.58929
4.04596
5.06623
4.77176
5.37347
3.26252
4.55604
5.16929
5.41865
4.18129
